PLT_genes <- c(PLT1 = "AT3G20840",
               PLT2 = "AT1G51190",
               PLT3 = "AT5G10510",
               PLT4 = "AT5G17430",
               PLT5 = "AT5G57390",
               PLT7 = "AT5G65510")


RGF_genes <- c(RGF1 = "AT5G60810",
               RGF2 = "AT1G13620",
               RGF3 = "AT2G04025",
               RGF4 = "AT3G30350",
               RGF5 = "AT5G51451",
               RGF6 = "AT4G16515",
               RGF7 = "AT3G02240",
               RGF8 = "AT2G03830",
               RGF9 = "AT5G64770")


RITF_genes <- c(RITF1 = "AT2G12646")